40
0 hz_1_2 0
0 x_1_2 1
0 x_1_2 2
0 hz_1_2 3
0 y_1_2 4
0 hz_1_2 5
0 hz_1_2 6
0 hz_1_2 7
0 hz_1_2 8
0 x_1_2 9
0 y_1_2 10
0 hz_1_2 11
0 hz_1_2 12
0 hz_1_2 13
0 hz_1_2 14
0 y_1_2 15
0 x_1_2 16
0 x_1_2 17
0 x_1_2 18
0 x_1_2 19
0 hz_1_2 20
0 y_1_2 21
0 x_1_2 22
0 x_1_2 23
0 y_1_2 24
0 hz_1_2 25
0 x_1_2 26
0 x_1_2 27
0 x_1_2 28
0 y_1_2 29
0 hz_1_2 30
0 hz_1_2 31
0 hz_1_2 32
0 y_1_2 33
0 hz_1_2 34
0 x_1_2 35
0 x_1_2 36
0 hz_1_2 37
0 y_1_2 38
0 x_1_2 39
1 rz 2 -1.0832721115312791
1 rz 3 0.7807402220244761
1 rz 4 -6.534105264885786
1 rz 5 6.420447273101561
1 rz 6 3.8865873271372564
1 rz 7 -4.029178772626372
1 rz 8 -2.05145215307733
1 rz 9 0.6675374774973344
1 rz 11 -6.483883175840059
1 rz 12 6.600527080262423
1 rz 13 0.8693959871027742
1 rz 14 -0.5809728937821895
1 rz 15 0.07013891860451749
1 rz 16 -0.09433754708706699
1 rz 19 -2.660146660745897
1 rz 20 2.565089226594822
1 rz 21 -3.1455232066056915
1 rz 22 3.5262953599473446
1 rz 23 -0.5124113980328648
1 rz 24 0.5548628633703563
1 rz 26 -0.7081899981850245
1 rz 27 0.8842513870221531
1 rz 28 -1.0402901334038208
1 rz 29 1.2704822022121596
1 rz 32 -1.2821664097933372
1 rz 33 1.1519683636480256
1 rz 34 -1.1018534267102214
1 rz 35 1.1798141095619943
1 rz 37 -4.457277316725479
1 rz 38 4.744690639352292
2 fs 2 3 1.545844435173598 0.5163254336997252
2 fs 4 5 1.5033136051987404 0.5501439149572028
2 fs 6 7 1.5930079664614663 0.5355369376884288
2 fs 8 9 1.59182423935832 -5.773664463980115
2 fs 11 12 1.5886126292316385 0.4838919055156303
2 fs 13 14 1.5862983338115253 0.5200148508319427
2 fs 15 16 1.5286450573669954 0.5113953905811602
2 fs 19 20 1.565622495548066 0.5127256481964074
2 fs 21 22 1.5289739216684795 0.5055240639761313
2 fs 23 24 1.5384796865621224 0.5293381306162406
2 fs 26 27 1.4727562833004122 0.4552443293379814
2 fs 28 29 1.5346175385256955 0.5131039467233695
2 fs 32 33 1.5169062231051558 0.46319906116805815
2 fs 34 35 1.5705414623224259 0.4791699064049766
2 fs 37 38 1.5516764540193888 0.505545707839895
3 rz 2 3.9491153734039623
3 rz 3 -4.251647262910765
3 rz 4 4.336373484958347
3 rz 5 -4.45003147674257
3 rz 6 -2.406681628061114
3 rz 7 2.264090182571999
3 rz 8 4.141737645019865
3 rz 9 -5.525652320599861
3 rz 11 2.9386905983613167
3 rz 12 -2.822046693938955
3 rz 13 -2.1118243782923773
3 rz 14 2.4002474716129623
3 rz 15 1.8218346808699086
3 rz 16 -1.8460333093524581
3 rz 19 3.406545499174985
3 rz 20 -3.50160293332606
3 rz 21 2.510370594218442
3 rz 22 -2.1295984408767894
3 rz 23 -5.107675813207988
3 rz 24 5.150127278545479
3 rz 26 2.497030521004973
3 rz 27 -2.3209691321678445
3 rz 28 0.15501230573908462
3 rz 29 0.07517976306925431
3 rz 32 1.4798871549098012
3 rz 33 -1.610085201055113
3 rz 34 6.800246368359428
3 rz 35 -6.722285685507655
3 rz 37 4.01279334217576
3 rz 38 -3.725380019548947
4 y_1_2 0
4 y_1_2 1
4 y_1_2 2
4 x_1_2 3
4 x_1_2 4
4 x_1_2 5
4 x_1_2 6
4 x_1_2 7
4 y_1_2 8
4 hz_1_2 9
4 x_1_2 10
4 x_1_2 11
4 y_1_2 12
4 x_1_2 13
4 y_1_2 14
4 hz_1_2 15
4 hz_1_2 16
4 y_1_2 17
4 hz_1_2 18
4 y_1_2 19
4 y_1_2 20
4 hz_1_2 21
4 y_1_2 22
4 y_1_2 23
4 hz_1_2 24
4 y_1_2 25
4 y_1_2 26
4 y_1_2 27
4 hz_1_2 28
4 hz_1_2 29
4 y_1_2 30
4 x_1_2 31
4 y_1_2 32
4 x_1_2 33
4 y_1_2 34
4 hz_1_2 35
4 hz_1_2 36
4 y_1_2 37
4 x_1_2 38
4 hz_1_2 39
5 rz 0 -6.33965739820278
5 rz 1 6.487258225393599
5 rz 3 -17.07728575198494
5 rz 4 17.085543130774045
5 rz 7 -16.30639128029667
5 rz 8 16.245140620956132
5 rz 9 10.563186740369291
5 rz 10 -11.483251159283336
5 rz 12 7.95878242287787
5 rz 13 -7.774843741231972
5 rz 14 -14.076559546984539
5 rz 15 14.218497333398785
5 rz 16 8.681126776373858
5 rz 17 -8.602584231435848
5 rz 18 -15.338362327386173
5 rz 19 15.46948768440432
5 rz 20 6.7102990377713985
5 rz 21 -6.8557924692300185
5 rz 22 -11.869086784143517
5 rz 23 11.992514358506712
5 rz 25 -9.053887782773572
5 rz 26 9.119495590472745
5 rz 27 2.4540157696942893
5 rz 28 -2.130087599403273
5 rz 29 5.854589755013336
5 rz 30 -6.755719773321365
5 rz 31 7.078722946731671
5 rz 32 -7.96734391038452
5 rz 33 7.268041060268155
5 rz 34 -7.032434485579018
5 rz 35 -13.75572361280918
5 rz 36 14.010820828537932
5 rz 38 4.480876907223065
5 rz 39 -4.7973193555210685
6 fs 0 1 1.5454967174552687 0.5074540278986153
6 fs 3 4 1.5233234922971755 0.6681144400379464
6 fs 7 8 1.5644541080112795 0.5439498075085039
6 fs 9 10 1.5866139110090092 0.5693597810559818
6 fs 12 13 1.2947043217999283 0.4859467238431821
6 fs 14 15 1.541977006124425 0.6073798124875975
6 fs 16 17 1.5573072833358306 0.5415514987622351
6 fs 18 19 1.5345751514593928 0.472462117170605
6 fs 20 21 1.5138652502397498 0.47710618607286504
6 fs 22 23 1.5849169442855044 0.54346233613361
6 fs 25 26 1.4838884067961586 0.5070681071136852
6 fs 27 28 1.5398075246432927 0.5174515645943538
6 fs 29 30 1.4593314109380113 0.5230636172671492
6 fs 31 32 1.4902099797510393 0.4552057582549894
6 fs 33 34 1.5376836849431186 0.46265685930712236
6 fs 35 36 1.555185434982808 0.6056351386305033
6 fs 38 39 1.4749003996237158 0.4353609222411594
7 rz 0 5.11855767818819
7 rz 1 -4.9709568509973705
7 rz 3 18.201935610761314
7 rz 4 -18.19367823197221
7 rz 7 16.408975290236828
7 rz 8 -16.470225949577365
7 rz 9 -8.632393148115808
7 rz 10 7.7123287292017615
7 rz 12 -7.370403665363804
7 rz 13 7.554342347009701
7 rz 14 15.859387461711556
7 rz 15 -15.71744967529731
7 rz 16 -8.099504200999913
7 rz 17 8.178046745937923
7 rz 18 12.81783953875667
7 rz 19 -12.686714181738527
7 rz 20 -8.338843337248123
7 rz 21 8.193349905789502
7 rz 22 12.26637631755088
7 rz 23 -12.142948743187686
7 rz 25 6.211131064785327
7 rz 26 -6.145523257086154
7 rz 27 -4.874679037269875
7 rz 28 5.198607207560892
7 rz 29 -5.948000038116973
7 rz 30 5.046870019808944
7 rz 31 -1.7118962555915673
7 rz 32 0.8232752919387185
7 rz 33 -7.379726055912839
7 rz 34 7.6153326306019755
7 rz 35 16.498202114491267
7 rz 36 -16.243104898762514
7 rz 38 -5.8609025465851285
7 rz 39 5.544460098287125
8 x_1_2 0
8 x_1_2 1
8 x_1_2 2
8 hz_1_2 3
8 hz_1_2 4
8 y_1_2 5
8 hz_1_2 6
8 hz_1_2 7
8 x_1_2 8
8 y_1_2 9
8 y_1_2 10
8 y_1_2 11
8 x_1_2 12
8 y_1_2 13
8 x_1_2 14
8 y_1_2 15
8 y_1_2 16
8 x_1_2 17
8 y_1_2 18
8 hz_1_2 19
8 x_1_2 20
8 x_1_2 21
8 x_1_2 22
8 hz_1_2 23
8 y_1_2 24
8 hz_1_2 25
8 x_1_2 26
8 x_1_2 27
8 x_1_2 28
8 x_1_2 29
8 x_1_2 30
8 y_1_2 31
8 hz_1_2 32
8 y_1_2 33
8 hz_1_2 34
8 x_1_2 35
8 x_1_2 36
8 x_1_2 37
8 hz_1_2 38
8 y_1_2 39
9 rz 0 8.998732213116128
9 rz 3 -9.12123914930637
9 rz 1 -7.475042960585199
9 rz 4 6.73093642090527
9 rz 6 -19.522557672224195
9 rz 13 19.61709690587081
9 rz 7 -19.466235154980904
9 rz 14 19.452218392199153
9 rz 8 -16.86365710820967
9 rz 15 16.515844503409756
9 rz 9 -5.0636417854867775
9 rz 16 4.921365331976502
9 rz 10 -4.943649921223479
9 rz 17 4.962627526504203
9 rz 18 -27.015788914561174
9 rz 25 26.974939042248963
9 rz 19 -16.99266260171233
9 rz 26 16.95272957943951
9 rz 20 -10.300317334985465
9 rz 27 10.489798112305557
9 rz 21 -16.935559040199575
9 rz 28 17.018814476659895
9 rz 22 -17.65620553132214
9 rz 29 17.688640528946085
9 rz 23 13.72138435193195
9 rz 30 -12.285441868370123
9 rz 32 22.048157884955984
9 rz 37 -21.993555117411482
9 rz 33 17.909821610830367
9 rz 38 -17.85485918787798
9 rz 34 14.408398823695533
9 rz 39 -14.970868747719962
10 fs 0 3 1.4937034321050129 0.5388459463555662
10 fs 1 4 1.5015413274420961 0.51076415920643
10 fs 6 13 1.505206014385737 0.5177720559789512
10 fs 7 14 1.5588791081427968 0.559649620487243
10 fs 8 15 1.5907035825834708 0.5678223287662552
10 fs 9 16 1.5296321276792553 0.537761951313038
10 fs 10 17 1.619276265426104 0.48310297196088736
10 fs 18 25 1.6116663075637374 0.5343172366969327
10 fs 19 26 1.5306030283605572 0.5257102080843467
10 fs 20 27 1.589821065740506 0.5045391214115686
10 fs 21 28 1.5472406430590444 0.5216932173558055
10 fs 22 29 1.5124128267683938 0.5133142626030278
10 fs 23 30 1.5707871303628709 0.5176678491729374
10 fs 32 37 1.596346344028619 0.5104319949477776
10 fs 33 38 1.53597466118183 0.5584919013659856
10 fs 34 39 1.385350861888917 0.5757363921651084
11 rz 0 -11.712632586934756
11 rz 3 11.590125650744515
11 rz 1 9.046500914158063
11 rz 4 -9.790607453837993
11 rz 6 21.675242779969807
11 rz 13 -21.580703546323193
11 rz 7 20.441134318784886
11 rz 14 -20.455151081566637
11 rz 8 19.322384645379532
11 rz 15 -19.670197250179445
11 rz 9 7.567246854917207
11 rz 16 -7.709523308427483
11 rz 10 8.827889047349478
11 rz 17 -8.808911442068753
11 rz 18 28.376374031045913
11 rz 25 -28.41722390335812
11 rz 19 14.883941980954871
11 rz 26 -14.92387500322769
11 rz 20 9.244163795666879
11 rz 27 -9.054683018346786
11 rz 21 14.03202226075948
11 rz 28 -13.94876682429916
11 rz 22 14.094665893757096
11 rz 29 -14.062230896133155
11 rz 23 -15.384431193528544
11 rz 30 16.82037367709037
11 rz 32 -17.68492750708498
11 rz 37 17.73953027462948
11 rz 33 -18.097545706581567
11 rz 38 18.152508129533953
11 rz 34 -12.521705657743373
11 rz 39 11.959235733718943
12 hz_1_2 0
12 hz_1_2 1
12 y_1_2 2
12 x_1_2 3
12 x_1_2 4
12 x_1_2 5
12 y_1_2 6
12 x_1_2 7
12 y_1_2 8
12 x_1_2 9
12 hz_1_2 10
12 hz_1_2 11
12 hz_1_2 12
12 hz_1_2 13
12 hz_1_2 14
12 hz_1_2 15
12 hz_1_2 16
12 y_1_2 17
12 hz_1_2 18
12 y_1_2 19
12 hz_1_2 20
12 hz_1_2 21
12 y_1_2 22
12 y_1_2 23
12 x_1_2 24
12 x_1_2 25
12 hz_1_2 26
12 hz_1_2 27
12 hz_1_2 28
12 y_1_2 29
12 hz_1_2 30
12 x_1_2 31
12 x_1_2 32
12 hz_1_2 33
12 x_1_2 34
12 hz_1_2 35
12 hz_1_2 36
12 hz_1_2 37
12 y_1_2 38
12 x_1_2 39
13 rz 2 -29.12927050849421
13 rz 6 29.25447085715949
13 rz 3 -7.811835872200318
13 rz 7 7.81967986206747
13 rz 4 -7.615465998041652
13 rz 8 7.600763065330671
13 rz 5 7.4962349022724934
13 rz 9 -7.516122707735293
13 rz 11 33.99732711789982
13 rz 19 -33.884825886063815
13 rz 12 39.909529911684075
13 rz 20 -40.171428733227174
13 rz 13 38.277959915149545
13 rz 21 -38.040241149679936
13 rz 14 11.883270567757798
13 rz 22 -12.169262658895612
13 rz 15 14.993690269805821
13 rz 23 -14.989527131529702
13 rz 16 26.69077423311042
13 rz 24 -26.640419634864774
13 rz 25 5.150583802401219
13 rz 31 -6.0692692047499
13 rz 26 30.166300933501873
13 rz 32 -30.177005939701825
13 rz 27 19.88784916538296
13 rz 33 -19.533502953512624
13 rz 28 30.950507066341867
13 rz 34 -31.18491014533392
13 rz 29 20.20391102349164
13 rz 35 -20.06411500554498
13 rz 30 -24.479515903288224
13 rz 36 25.43860215072187
14 fs 2 6 1.5423469235530667 0.5388088498512879
14 fs 3 7 1.5684106752459124 0.5414007317481024
14 fs 4 8 1.6152322695478165 0.5160697976136035
14 fs 5 9 1.5040835324508275 0.6761565725975858
14 fs 11 19 1.5144175462386844 0.4680444728781228
14 fs 12 20 1.4668587973263782 0.4976074601121169
14 fs 13 21 1.47511091993527 0.538612093835262
14 fs 14 22 1.603651215218248 0.46649538437100246
14 fs 15 23 1.6160334279232749 0.4353897326147861
14 fs 16 24 1.5909523830878005 0.5244700889486827
14 fs 25 31 1.2635580943707443 0.3315124918059815
14 fs 26 32 1.5245711693927642 0.4838906581970925
14 fs 27 33 1.5542388360689805 0.5186534637665338
14 fs 28 34 1.5109427139358562 0.4939388316289224
14 fs 29 35 1.57896484905089 0.5081656554152614
14 fs 30 36 1.5287198766338426 0.5026095497404074
15 rz 2 29.720119329925737
15 rz 6 -29.594918981260456
15 rz 3 8.035799530009061
15 rz 7 -8.027955540141907
15 rz 4 6.217196884955984
15 rz 8 -6.231899817666965
15 rz 5 -8.814704028575571
15 rz 9 8.79481622311277
15 rz 11 -31.329506760234118
15 rz 19 31.44200799207013
15 rz 12 -39.198437626672444
15 rz 20 38.936538805129345
15 rz 13 -35.53420813044422
15 rz 21 35.77192689591383
15 rz 14 -17.246915283138684
15 rz 22 16.96092319200087
15 rz 15 -18.421895502761547
15 rz 23 18.426058641037667
15 rz 16 -27.805272272134683
15 rz 24 27.85562687038033
15 rz 25 -7.5518091932860285
15 rz 31 6.633123790937348
15 rz 26 -31.524503153421914
15 rz 32 31.513798147221962
15 rz 27 -17.072738290280107
15 rz 33 17.427084502150443
15 rz 28 -28.839463497649664
15 rz 34 28.60506041865761
15 rz 29 -20.63084996378606
15 rz 35 20.770645981732716
15 rz 30 23.092062672240402
15 rz 36 -22.132976424806756
16 y_1_2 0
16 x_1_2 1
16 x_1_2 2
16 y_1_2 3
16 hz_1_2 4
16 y_1_2 5
16 x_1_2 6
16 hz_1_2 7
16 x_1_2 8
16 hz_1_2 9
16 y_1_2 10
16 y_1_2 11
16 x_1_2 12
16 x_1_2 13
16 y_1_2 14
16 x_1_2 15
16 x_1_2 16
16 x_1_2 17
16 x_1_2 18
16 hz_1_2 19
16 x_1_2 20
16 x_1_2 21
16 hz_1_2 22
16 hz_1_2 23
16 y_1_2 24
16 y_1_2 25
16 y_1_2 26
16 y_1_2 27
16 x_1_2 28
16 x_1_2 29
16 y_1_2 30
16 y_1_2 31
16 y_1_2 32
16 x_1_2 33
16 hz_1_2 34
16 y_1_2 35
16 x_1_2 36
16 y_1_2 37
16 hz_1_2 38
16 y_1_2 39
17 rz 2 -13.17212064254471
17 rz 3 12.869588753037906
17 rz 4 -40.94082800700112
17 rz 5 40.8271700152169
17 rz 6 16.905347283613576
17 rz 7 -17.047938729102693
17 rz 8 -21.5795920877914
17 rz 9 20.195677412211406
17 rz 11 -25.547067397823096
17 rz 12 25.66371130224546
17 rz 13 16.21293450723508
17 rz 14 -15.924511413914495
17 rz 15 -2.25463964505188
17 rz 16 2.2304410165693302
17 rz 19 -14.748995191759326
17 rz 20 14.653937757608254
17 rz 21 -14.76941602488768
17 rz 22 15.150188178229332
17 rz 23 11.111481420249536
17 rz 24 -11.069029954912043
17 rz 26 -3.497924274572867
17 rz 27 3.6739856634099954
17 rz 28 -11.269315813491886
17 rz 29 11.499507882300225
17 rz 32 -16.625704929925643
17 rz 33 16.495506883780333
17 rz 34 -19.94700078316722
17 rz 35 20.024961466018993
17 rz 37 -23.520461538708513
17 rz 38 23.807874861335325
18 fs 2 3 1.545844435173598 0.5163254336997252
18 fs 4 5 1.5033136051987404 0.5501439149572028
18 fs 6 7 1.5930079664614663 0.5355369376884288
18 fs 8 9 1.59182423935832 -5.773664463980115
18 fs 11 12 1.5886126292316385 0.4838919055156303
18 fs 13 14 1.5862983338115253 0.5200148508319427
18 fs 15 16 1.5286450573669954 0.5113953905811602
18 fs 19 20 1.565622495548066 0.5127256481964074
18 fs 21 22 1.5289739216684795 0.5055240639761313
18 fs 23 24 1.5384796865621224 0.5293381306162406
18 fs 26 27 1.4727562833004122 0.4552443293379814
18 fs 28 29 1.5346175385256955 0.5131039467233695
18 fs 32 33 1.5169062231051558 0.46319906116805815
18 fs 34 35 1.5705414623224259 0.4791699064049766
18 fs 37 38 1.5516764540193888 0.505545707839895
19 rz 2 16.037963904417396
19 rz 3 -16.340495793924198
19 rz 4 38.743096227073686
19 rz 5 -38.85675421885791
19 rz 6 -15.425441584537436
19 rz 7 15.282850139048316
19 rz 8 23.66987757973394
19 rz 9 -25.053792255313933
19 rz 11 22.00187482034435
19 rz 12 -21.88523091592199
19 rz 13 -17.455362898424685
19 rz 14 17.743785991745266
19 rz 15 4.146613244526306
19 rz 16 -4.170811873008856
19 rz 19 15.495394030188416
19 rz 20 -15.590451464339493
19 rz 21 14.134263412500427
19 rz 22 -13.753491259158777
19 rz 23 -16.731568631490386
19 rz 24 16.77402009682788
19 rz 26 5.286764797392815
19 rz 27 -5.110703408555686
19 rz 28 10.384037985827149
19 rz 29 -10.15384591701881
19 rz 32 16.823425675042106
19 rz 33 -16.953623721187416
19 rz 34 25.64539372481643
19 rz 35 -25.567433041964655
19 rz 37 23.075977564158794
19 rz 38 -22.788564241531983
20 x_1_2 0
20 y_1_2 1
20 hz_1_2 2
20 hz_1_2 3
20 y_1_2 4
20 x_1_2 5
20 y_1_2 6
20 x_1_2 7
20 y_1_2 8
20 y_1_2 9
20 hz_1_2 10
20 hz_1_2 11
20 hz_1_2 12
20 hz_1_2 13
20 x_1_2 14
20 y_1_2 15
20 y_1_2 16
20 hz_1_2 17
20 y_1_2 18
20 y_1_2 19
20 y_1_2 20
20 y_1_2 21
20 y_1_2 22
20 x_1_2 23
20 hz_1_2 24
20 hz_1_2 25
20 x_1_2 26
20 hz_1_2 27
20 y_1_2 28
20 y_1_2 29
20 hz_1_2 30
20 hz_1_2 31
20 hz_1_2 32
20 hz_1_2 33
20 x_1_2 34
20 hz_1_2 35
20 hz_1_2 36
20 hz_1_2 37
20 x_1_2 38
20 x_1_2 39
21 rz 0 -18.428505929216207
21 rz 1 18.57610675640703
21 rz 3 -56.133565621413084
21 rz 4 56.14182300020218
21 rz 7 -55.362671149725216
21 rz 8 55.30142049038468
21 rz 9 35.2058395151276
21 rz 10 -36.12590393404165
21 rz 12 23.76727665574203
21 rz 13 -23.583337974096132
21 rz 14 -48.01832657636844
21 rz 15 48.160264362782684
21 rz 16 29.139178136550402
21 rz 17 -29.060635591612396
21 rz 18 -45.56048365491975
21 rz 19 45.6916090119379
21 rz 20 22.053837557903705
21 rz 21 -22.199330989362323
21 rz 22 -43.48607524987143
21 rz 23 43.609502824234625
21 rz 25 -24.397426302905878
21 rz 26 24.46303411060505
21 rz 27 9.42835146066348
21 rz 28 -9.104423290372464
21 rz 29 17.47848257329532
21 rz 30 -18.37961259160335
21 rz 31 17.307748626819734
21 rz 32 -18.19636959047258
21 rz 33 24.718321278531224
21 rz 34 -24.48271470384209
21 rz 35 -50.952180631312366
21 rz 36 51.20727784704112
21 rz 38 13.779991161849068
21 rz 39 -14.09643361014707
22 fs 0 1 1.5454967174552687 0.5074540278986153
22 fs 3 4 1.5233234922971755 0.6681144400379464
22 fs 7 8 1.5644541080112795 0.5439498075085039
22 fs 9 10 1.5866139110090092 0.5693597810559818
22 fs 12 13 1.2947043217999283 0.4859467238431821
22 fs 14 15 1.541977006124425 0.6073798124875975
22 fs 16 17 1.5573072833358306 0.5415514987622351
22 fs 18 19 1.5345751514593928 0.472462117170605
22 fs 20 21 1.5138652502397498 0.47710618607286504
22 fs 22 23 1.5849169442855044 0.54346233613361
22 fs 25 26 1.4838884067961586 0.5070681071136852
22 fs 27 28 1.5398075246432927 0.5174515645943538
22 fs 29 30 1.4593314109380113 0.5230636172671492
22 fs 31 32 1.4902099797510393 0.4552057582549894
22 fs 33 34 1.5376836849431186 0.46265685930712236
22 fs 35 36 1.555185434982808 0.6056351386305033
22 fs 38 39 1.4749003996237158 0.4353609222411594
23 rz 0 17.207406209201622
23 rz 1 -17.0598053820108
23 rz 3 57.25821548018944
23 rz 4 -57.24995810140036
23 rz 7 55.46525515966539
23 rz 8 -55.52650581900591
23 rz 9 -33.27504592287412
23 rz 10 32.35498150396007
23 rz 12 -23.178897898227966
23 rz 13 23.362836579873864
23 rz 14 49.801154491095446
23 rz 15 -49.6592167046812
23 rz 16 -28.55755556117646
23 rz 17 28.636098106114467
23 rz 18 43.039960866290244
23 rz 19 -42.908835509272095
23 rz 20 -23.682381857380427
23 rz 21 23.53688842592181
23 rz 22 43.88336478327879
23 rz 23 -43.7599372089156
23 rz 25 21.554669584917633
23 rz 26 -21.48906177721846
23 rz 27 -11.849014728239068
23 rz 28 12.172942898530083
23 rz 29 -17.571892856398957
23 rz 30 16.670762838090926
23 rz 31 -11.940921935679631
23 rz 32 11.052300972026783
23 rz 33 -24.83000627417591
23 rz 34 25.065612848865047
23 rz 35 53.69465913299445
23 rz 36 -53.4395619172657
23 rz 38 -15.160016801211128
23 rz 39 14.843574352913127
24 hz_1_2 0
24 x_1_2 1
24 y_1_2 2
24 y_1_2 3
24 x_1_2 4
24 hz_1_2 5
24 x_1_2 6
24 hz_1_2 7
24 x_1_2 8
24 hz_1_2 9
24 y_1_2 10
24 y_1_2 11
24 x_1_2 12
24 x_1_2 13
24 hz_1_2 14
24 x_1_2 15
24 hz_1_2 16
24 x_1_2 17
24 x_1_2 18
24 x_1_2 19
24 x_1_2 20
24 hz_1_2 21
24 x_1_2 22
24 y_1_2 23
24 x_1_2 24
24 x_1_2 25
24 hz_1_2 26
24 x_1_2 27
24 x_1_2 28
24 hz_1_2 29
24 x_1_2 30
24 x_1_2 31
24 y_1_2 32
24 y_1_2 33
24 y_1_2 34
24 x_1_2 35
24 x_1_2 36
24 x_1_2 37
24 hz_1_2 38
24 hz_1_2 39
25 rz 0 25.27218215871132
25 rz 3 -25.394689094901565
25 rz 1 -18.169024353404712
25 rz 4 17.42491781372478
25 rz 6 -52.069457563414176
25 rz 13 52.16399679706079
25 rz 7 -49.6883564825149
25 rz 14 49.67433971973315
25 rz 8 -41.97126559569901
25 rz 15 41.6234529908991
25 rz 9 -12.967888901918446
25 rz 16 12.825612448408174
25 rz 10 -17.03249845223691
25 rz 17 17.051476057517636
25 rz 18 -66.53702449672075
25 rz 25 66.49617462440854
25 rz 19 -41.63531537647063
25 rz 26 41.59538235419781
25 rz 20 -25.643855855118186
25 rz 27 25.833336632438275
25 rz 21 -40.648300389495404
25 rz 28 40.73155582595572
25 rz 22 -39.97407974242405
25 rz 29 40.00651474004799
25 rz 23 34.64439142483994
25 rz 30 -33.20844894127811
25 rz 32 53.665146350683884
25 rz 37 -53.61054358313939
25 rz 33 45.80716437470755
25 rz 38 -45.75220195175516
25 rz 34 34.15457562393565
25 rz 39 -34.717045547960076
26 fs 0 3 1.4937034321050129 0.5388459463555662
26 fs 1 4 1.5015413274420961 0.51076415920643
26 fs 6 13 1.505206014385737 0.5177720559789512
26 fs 7 14 1.5588791081427968 0.559649620487243
26 fs 8 15 1.5907035825834708 0.5678223287662552
26 fs 9 16 1.5296321276792553 0.537761951313038
26 fs 10 17 1.619276265426104 0.48310297196088736
26 fs 18 25 1.6116663075637374 0.5343172366969327
26 fs 19 26 1.5306030283605572 0.5257102080843467
26 fs 20 27 1.589821065740506 0.5045391214115686
26 fs 21 28 1.5472406430590444 0.5216932173558055
26 fs 22 29 1.5124128267683938 0.5133142626030278
26 fs 23 30 1.5707871303628709 0.5176678491729374
26 fs 32 37 1.596346344028619 0.5104319949477776
26 fs 33 38 1.53597466118183 0.5584919013659856
26 fs 34 39 1.385350861888917 0.5757363921651084
27 rz 0 -27.986082532529952
27 rz 3 27.86357559633971
27 rz 1 19.740482306977572
27 rz 4 -20.484588846657505
27 rz 6 54.22214267115979
27 rz 13 -54.127603437513166
27 rz 7 50.66325564631889
27 rz 14 -50.677272409100624
27 rz 8 44.42999313286887
27 rz 15 -44.777805737668785
27 rz 9 15.47149397134888
27 rz 16 -15.613770424859151
27 rz 10 20.91673757836291
27 rz 17 -20.897759973082184
27 rz 18 67.89760961320549
27 rz 25 -67.9384594855177
27 rz 19 39.52659475571318
27 rz 26 -39.566527777985996
27 rz 20 24.587702315799596
27 rz 27 -24.398221538479504
27 rz 21 37.744763610055315
27 rz 28 -37.661508173594996
27 rz 22 36.412540104859005
27 rz 29 -36.38010510723507
27 rz 23 -36.307438266436534
27 rz 30 37.743380749998366
27 rz 32 -49.30191597281289
27 rz 37 49.35651874035739
27 rz 33 -45.994888470458754
27 rz 38 46.04985089341114
27 rz 34 -32.26788245798348
27 rz 39 31.70541253395906
28 x_1_2 0
28 hz_1_2 1
28 x_1_2 2
28 hz_1_2 3
28 y_1_2 4
28 x_1_2 5
28 y_1_2 6
28 y_1_2 7
28 hz_1_2 8
28 y_1_2 9
28 hz_1_2 10
28 hz_1_2 11
28 hz_1_2 12
28 hz_1_2 13
28 y_1_2 14
28 hz_1_2 15
28 y_1_2 16
28 y_1_2 17
28 y_1_2 18
28 y_1_2 19
28 hz_1_2 20
28 x_1_2 21
28 y_1_2 22
28 x_1_2 23
28 y_1_2 24
28 y_1_2 25
28 y_1_2 26
28 y_1_2 27
28 hz_1_2 28
28 x_1_2 29
28 hz_1_2 30
28 hz_1_2 31
28 hz_1_2 32
28 x_1_2 33
28 x_1_2 34
28 hz_1_2 35
28 y_1_2 36
28 y_1_2 37
28 y_1_2 38
28 y_1_2 39
29 rz 2 -61.21121468695316
29 rz 6 61.33641503561844
29 rz 3 -14.786171563169507
29 rz 7 14.79401555303666
29 rz 4 -14.589801689011258
29 rz 8 14.57509875630028
29 rz 5 15.40048201870416
29 rz 9 -15.420369824166961
29 rz 11 68.8690055727466
29 rz 19 -68.7565043409106
29 rz 12 81.75554405750046
29 rz 20 -82.01744287904356
29 rz 13 79.65901834823408
29 rz 21 -79.42129958276446
29 rz 14 26.296897662428034
29 rz 22 -26.58288975356585
29 rz 15 31.732095928132054
29 rz 23 -31.727932789855927
29 rz 16 57.377851273375434
29 rz 24 -57.327496675129794
29 rz 25 13.519786631564745
29 rz 31 -14.438472033913424
29 rz 26 64.10806796288578
29 rz 32 -64.11877296908573
29 rz 27 41.27581195102239
29 rz 33 -40.921465739152055
29 rz 28 62.81441437927518
29 rz 34 -63.04881745826723
29 rz 29 43.45169666005602
29 rz 35 -43.31190064210937
29 rz 30 -50.05208010350901
29 rz 36 51.011166350942666
30 fs 2 6 1.5423469235530667 0.5388088498512879
30 fs 3 7 1.5684106752459124 0.5414007317481024
30 fs 4 8 1.6152322695478165 0.5160697976136035
30 fs 5 9 1.5040835324508275 0.6761565725975858
30 fs 11 19 1.5144175462386844 0.4680444728781228
30 fs 12 20 1.4668587973263782 0.4976074601121169
30 fs 13 21 1.47511091993527 0.538612093835262
30 fs 14 22 1.603651215218248 0.46649538437100246
30 fs 15 23 1.6160334279232749 0.4353897326147861
30 fs 16 24 1.5909523830878005 0.5244700889486827
30 fs 25 31 1.2635580943707443 0.3315124918059815
30 fs 26 32 1.5245711693927642 0.4838906581970925
30 fs 27 33 1.5542388360689805 0.5186534637665338
30 fs 28 34 1.5109427139358562 0.4939388316289224
30 fs 29 35 1.57896484905089 0.5081656554152614
30 fs 30 36 1.5287198766338426 0.5026095497404074
31 rz 2 61.80206350838469
31 rz 6 -61.6768631597194
31 rz 3 15.010135220978253
31 rz 7 -15.002291231111096
31 rz 4 13.19153257592559
31 rz 8 -13.206235508636567
31 rz 5 -16.71895114500724
31 rz 9 16.699063339544438
31 rz 11 -66.2011852150809
31 rz 19 66.3136864469169
31 rz 12 -81.04445177248883
31 rz 20 80.78255295094573
31 rz 13 -76.91526656352876
31 rz 21 77.15298532899838
31 rz 14 -31.660542377808927
31 rz 22 31.37455028667111
31 rz 15 -35.16030116108778
31 rz 23 35.16446429936389
31 rz 16 -58.49234931239971
31 rz 24 58.54270391064535
31 rz 25 -15.921012022449556
31 rz 31 15.002326620100877
31 rz 26 -65.46627018280581
31 rz 32 65.45556517660587
31 rz 27 -38.460701075919545
31 rz 33 38.81504728778988
31 rz 28 -60.703370810582975
31 rz 34 60.46896773159093
31 rz 29 -43.87863560035044
31 rz 35 44.01843161829709
31 rz 30 48.664626872461184
31 rz 36 -47.70554062502754
32 hz_1_2 0
32 x_1_2 1
32 hz_1_2 2
32 y_1_2 3
32 x_1_2 4
32 hz_1_2 5
32 hz_1_2 6
32 hz_1_2 7
32 x_1_2 8
32 x_1_2 9
32 x_1_2 10
32 y_1_2 11
32 x_1_2 12
32 x_1_2 13
32 x_1_2 14
32 y_1_2 15
32 x_1_2 16
32 hz_1_2 17
32 x_1_2 18
32 x_1_2 19
32 y_1_2 20
32 hz_1_2 21
32 hz_1_2 22
32 hz_1_2 23
32 x_1_2 24
32 hz_1_2 25
32 x_1_2 26
32 hz_1_2 27
32 x_1_2 28
32 hz_1_2 29
32 y_1_2 30
32 x_1_2 31
32 y_1_2 32
32 hz_1_2 33
32 y_1_2 34
32 y_1_2 35
32 x_1_2 36
32 hz_1_2 37
32 x_1_2 38
32 hz_1_2 39
33 rz 2 -25.26096917355815
33 rz 3 24.958437284051342
33 rz 4 -75.34755074911646
33 rz 5 75.23389275733226
33 rz 6 29.924107240089892
33 rz 7 -30.06669868557901
33 rz 8 -41.10773202250547
33 rz 9 39.72381734692547
33 rz 11 -44.610251619806135
33 rz 12 44.726895524228496
33 rz 13 31.556473027367385
33 rz 14 -31.268049934046807
33 rz 15 -4.579418208708278
33 rz 16 4.555219580225728
33 rz 19 -26.83784372277276
33 rz 20 26.742786288621687
33 rz 21 -26.393308843169667
33 rz 22 26.774080996511316
33 rz 23 22.735374238531932
33 rz 24 -22.69292277319444
33 rz 26 -6.2876585509607095
33 rz 27 6.463719939797837
33 rz 28 -21.49834149357995
33 rz 29 21.728533562388286
33 rz 32 -31.96924345005795
33 rz 33 31.83904540391264
33 rz 34 -38.79214813962422
33 rz 35 38.870108822475984
33 rz 37 -42.583645760691546
33 rz 38 42.871059083318364
34 fs 2 3 1.545844435173598 0.5163254336997252
34 fs 4 5 1.5033136051987404 0.5501439149572028
34 fs 6 7 1.5930079664614663 0.5355369376884288
34 fs 8 9 1.59182423935832 -5.773664463980115
34 fs 11 12 1.5886126292316385 0.4838919055156303
34 fs 13 14 1.5862983338115253 0.5200148508319427
34 fs 15 16 1.5286450573669954 0.5113953905811602
34 fs 19 20 1.565622495548066 0.5127256481964074
34 fs 21 22 1.5289739216684795 0.5055240639761313
34 fs 23 24 1.5384796865621224 0.5293381306162406
34 fs 26 27 1.4727562833004122 0.4552443293379814
34 fs 28 29 1.5346175385256955 0.5131039467233695
34 fs 32 33 1.5169062231051558 0.46319906116805815
34 fs 34 35 1.5705414623224259 0.4791699064049766
34 fs 37 38 1.5516764540193888 0.505545707839895
35 rz 2 28.12681243543083
35 rz 3 -28.42934432493763
35 rz 4 73.14981896918903
35 rz 5 -73.26347696097324
35 rz 6 -28.444201541013754
35 rz 7 28.301610095524637
35 rz 8 43.198017514448
35 rz 9 -44.581932190028
35 rz 11 41.06505904232739
35 rz 12 -40.94841513790503
35 rz 13 -32.798901418556994
35 rz 14 33.08732451187758
35 rz 15 6.4713918081827035
35 rz 16 -6.495590436665254
35 rz 19 27.584242561201844
35 rz 20 -27.679299995352917
35 rz 21 25.75815623078241
35 rz 22 -25.37738407744076
35 rz 23 -28.355461449772783
35 rz 24 28.397912915110275
35 rz 26 8.076499073780658
35 rz 27 -7.900437684943529
35 rz 28 20.613063665915213
35 rz 29 -20.382871597106877
35 rz 32 32.166964195174415
35 rz 33 -32.297162241319725
35 rz 34 44.49054108127342
35 rz 35 -44.41258039842165
35 rz 37 42.139161786141834
35 rz 38 -41.851748463515015
36 x_1_2 0
36 y_1_2 1
36 x_1_2 2
36 x_1_2 3
36 y_1_2 4
36 y_1_2 5
36 x_1_2 6
36 x_1_2 7
36 y_1_2 8
36 hz_1_2 9
36 y_1_2 10
36 hz_1_2 11
36 y_1_2 12
36 y_1_2 13
36 y_1_2 14
36 x_1_2 15
36 hz_1_2 16
36 x_1_2 17
36 hz_1_2 18
36 hz_1_2 19
36 x_1_2 20
36 y_1_2 21
36 y_1_2 22
36 x_1_2 23
36 y_1_2 24
36 y_1_2 25
36 hz_1_2 26
36 x_1_2 27
36 hz_1_2 28
36 y_1_2 29
36 hz_1_2 30
36 hz_1_2 31
36 hz_1_2 32
36 x_1_2 33
36 hz_1_2 34
36 x_1_2 35
36 hz_1_2 36
36 x_1_2 37
36 hz_1_2 38
36 x_1_2 39
37 rz 0 -30.517354460229644
37 rz 1 30.66495528742046
37 rz 3 -95.18984549084122
37 rz 4 95.19810286963032
37 rz 7 -94.41895101915375
37 rz 8 94.35770035981321
37 rz 9 59.848492289885904
37 rz 10 -60.768556708799956
37 rz 12 39.57577088860619
37 rz 13 -39.391832206960295
37 rz 14 -81.96009360575232
37 rz 15 82.10203139216657
37 rz 16 49.59722949672695
37 rz 17 -49.518686951788936
37 rz 18 -75.78260498245334
37 rz 19 75.91373033947147
37 rz 20 37.39737607803601
37 rz 21 -37.54286950949463
37 rz 22 -75.10306371559935
37 rz 23 75.22649128996255
37 rz 25 -39.740964823038176
37 rz 26 39.80657263073736
37 rz 27 16.402687151632673
37 rz 28 -16.078758981341654
37 rz 29 29.102375391577308
37 rz 30 -30.00350540988534
37 rz 31 27.5367743069078
37 rz 32 -28.425395270560653
37 rz 33 42.1686014967943
37 rz 34 -41.93299492210517
37 rz 35 -88.14863764981557
37 rz 36 88.40373486554431
37 rz 38 23.079105416475066
37 rz 39 -23.39554786477307
38 fs 0 1 1.5454967174552687 0.5074540278986153
38 fs 3 4 1.5233234922971755 0.6681144400379464
38 fs 7 8 1.5644541080112795 0.5439498075085039
38 fs 9 10 1.5866139110090092 0.5693597810559818
38 fs 12 13 1.2947043217999283 0.4859467238431821
38 fs 14 15 1.541977006124425 0.6073798124875975
38 fs 16 17 1.5573072833358306 0.5415514987622351
38 fs 18 19 1.5345751514593928 0.472462117170605
38 fs 20 21 1.5138652502397498 0.47710618607286504
38 fs 22 23 1.5849169442855044 0.54346233613361
38 fs 25 26 1.4838884067961586 0.5070681071136852
38 fs 27 28 1.5398075246432927 0.5174515645943538
38 fs 29 30 1.4593314109380113 0.5230636172671492
38 fs 31 32 1.4902099797510393 0.4552057582549894
38 fs 33 34 1.5376836849431186 0.46265685930712236
38 fs 35 36 1.555185434982808 0.6056351386305033
38 fs 38 39 1.4749003996237158 0.4353609222411594
39 rz 0 29.29625474021505
39 rz 1 -29.148653913024233
39 rz 3 96.31449534961759
39 rz 4 -96.30623797082849
39 rz 7 94.52153502909391
39 rz 8 -94.58278568843446
39 rz 9 -57.91769869763242
39 rz 10 56.99763427871837
39 rz 12 -38.98739213109213
39 rz 13 39.17133081273803
39 rz 14 83.74292152047934
39 rz 15 -83.6009837340651
39 rz 16 -49.015606921353
39 rz 17 49.094149466291015
39 rz 18 73.26208219382383
39 rz 19 -73.1309568368057
39 rz 20 -39.025920377512726
39 rz 21 38.88042694605411
39 rz 22 75.50035324900671
39 rz 23 -75.3769256746435
39 rz 25 36.89820810504994
39 rz 26 -36.83260029735076
39 rz 27 -18.823350419208257
39 rz 28 19.147278589499276
39 rz 29 -29.19578567468094
39 rz 30 28.294655656372914
39 rz 31 -22.169947615767697
39 rz 32 21.28132665211485
39 rz 33 -42.280286492439
39 rz 34 42.515893067128125
39 rz 35 90.89111615149763
39 rz 36 -90.63601893576889
39 rz 38 -24.459131055837133
39 rz 39 24.142688607539128
40 hz_1_2 0
40 x_1_2 1
40 hz_1_2 2
40 hz_1_2 3
40 x_1_2 4
40 x_1_2 5
40 hz_1_2 6
40 hz_1_2 7
40 x_1_2 8
40 y_1_2 9
40 x_1_2 10
40 x_1_2 11
40 hz_1_2 12
40 x_1_2 13
40 x_1_2 14
40 hz_1_2 15
40 x_1_2 16
40 hz_1_2 17
40 x_1_2 18
40 x_1_2 19
40 hz_1_2 20
40 x_1_2 21
40 x_1_2 22
40 hz_1_2 23
40 hz_1_2 24
40 x_1_2 25
40 y_1_2 26
40 y_1_2 27
40 y_1_2 28
40 x_1_2 29
40 x_1_2 30
40 y_1_2 31
40 y_1_2 32
40 hz_1_2 33
40 y_1_2 34
40 y_1_2 35
40 x_1_2 36
40 hz_1_2 37
40 y_1_2 38
40 hz_1_2 39
41 rz 0 41.54563210430653
41 rz 3 -41.66813904049676
41 rz 1 -28.86300574622422
41 rz 4 28.118899206544288
41 rz 6 -84.61635745460414
41 rz 13 84.71089668825074
41 rz 7 -79.91047781004889
41 rz 14 79.89646104726714
41 rz 8 -67.07887408318834
41 rz 15 66.73106147838843
41 rz 9 -20.872136018350115
41 rz 16 20.72985956483984
41 rz 10 -29.12134698325034
41 rz 17 29.140324588531065
41 rz 18 -106.05826007888032
41 rz 25 106.01741020656813
41 rz 19 -66.27796815122893
41 rz 26 66.23803512895613
41 rz 20 -40.9873943752509
41 rz 27 41.176875152571
41 rz 21 -64.36104173879124
41 rz 28 64.44429717525156
41 rz 22 -62.29195395352596
41 rz 29 62.3243889511499
41 rz 23 55.56739849774794
41 rz 30 -54.13145601418609
41 rz 32 85.28213481641181
41 rz 37 -85.2275320488673
41 rz 33 73.70450713858472
41 rz 38 -73.64954471563235
41 rz 34 53.900752424175764
41 rz 39 -54.4632223482002
42 fs 0 3 1.4937034321050129 0.5388459463555662
42 fs 1 4 1.5015413274420961 0.51076415920643
42 fs 6 13 1.505206014385737 0.5177720559789512
42 fs 7 14 1.5588791081427968 0.559649620487243
42 fs 8 15 1.5907035825834708 0.5678223287662552
42 fs 9 16 1.5296321276792553 0.537761951313038
42 fs 10 17 1.619276265426104 0.48310297196088736
42 fs 18 25 1.6116663075637374 0.5343172366969327
42 fs 19 26 1.5306030283605572 0.5257102080843467
42 fs 20 27 1.589821065740506 0.5045391214115686
42 fs 21 28 1.5472406430590444 0.5216932173558055
42 fs 22 29 1.5124128267683938 0.5133142626030278
42 fs 23 30 1.5707871303628709 0.5176678491729374
42 fs 32 37 1.596346344028619 0.5104319949477776
42 fs 33 38 1.53597466118183 0.5584919013659856
42 fs 34 39 1.385350861888917 0.5757363921651084
43 rz 0 -44.259532478125145
43 rz 3 44.13702554193491
43 rz 1 30.434463699797085
43 rz 4 -31.178570239477015
43 rz 6 86.76904256234975
43 rz 13 -86.67450332870315
43 rz 7 80.88537697385289
43 rz 14 -80.89939373663464
43 rz 8 69.5376016203582
43 rz 15 -69.88541422515812
43 rz 9 23.375741087780543
43 rz 16 -23.51801754129082
43 rz 10 33.00558610937634
43 rz 17 -32.986608504095614
43 rz 18 107.41884519536505
43 rz 25 -107.45969506767727
43 rz 19 64.16924753047148
43 rz 26 -64.20918055274429
43 rz 20 39.931240835932314
43 rz 27 -39.741760058612215
43 rz 21 61.45750495935115
43 rz 28 -61.37424952289083
43 rz 22 58.730414315960914
43 rz 29 -58.69797931833698
43 rz 23 -57.23044533934453
43 rz 30 58.666387822906366
43 rz 32 -80.91890443854079
43 rz 37 80.9735072060853
43 rz 33 -73.89223123433592
43 rz 38 73.9471936572883
43 rz 34 -52.0140592582236
43 rz 39 51.45158933419917
44 x_1_2 0
44 y_1_2 1
44 y_1_2 2
44 x_1_2 3
44 y_1_2 4
44 y_1_2 5
44 y_1_2 6
44 x_1_2 7
44 hz_1_2 8
44 hz_1_2 9
44 hz_1_2 10
44 hz_1_2 11
44 y_1_2 12
44 y_1_2 13
44 y_1_2 14
44 y_1_2 15
44 y_1_2 16
44 x_1_2 17
44 hz_1_2 18
44 hz_1_2 19
44 x_1_2 20
44 y_1_2 21
44 hz_1_2 22
44 y_1_2 23
44 x_1_2 24
44 hz_1_2 25
44 x_1_2 26
44 x_1_2 27
44 hz_1_2 28
44 y_1_2 29
44 y_1_2 30
44 x_1_2 31
44 x_1_2 32
44 x_1_2 33
44 hz_1_2 34
44 hz_1_2 35
44 hz_1_2 36
44 x_1_2 37
44 x_1_2 38
44 y_1_2 39
45 rz 2 -93.2931588654121
45 rz 6 93.41835921407738
45 rz 3 -21.7605072541387
45 rz 7 21.768351244005856
45 rz 4 -21.564137379980863
45 rz 8 21.54943444726988
45 rz 5 23.304729135135826
45 rz 9 -23.324616940598627
45 rz 11 103.74068402759337
45 rz 19 -103.62818279575738
45 rz 12 123.60155820331686
45 rz 20 -123.86345702485994
45 rz 13 121.04007678131862
45 rz 21 -120.80235801584898
45 rz 14 40.71052475709828
45 rz 22 -40.99651684823609
45 rz 15 48.47050158645827
45 rz 23 -48.46633844818216
45 rz 16 88.06492831364045
45 rz 24 -88.01457371539482
45 rz 25 21.88898946072827
45 rz 31 -22.807674863076947
45 rz 26 98.04983499226967
45 rz 32 -98.06053999846961
45 rz 27 62.66377473666182
45 rz 33 -62.309428524791485
45 rz 28 94.6783216922085
45 rz 34 -94.91272477120054
45 rz 29 66.6994822966204
45 rz 35 -66.55968627867375
45 rz 30 -75.62464430372981
45 rz 36 76.58373055116346
46 fs 2 6 1.5423469235530667 0.5388088498512879
46 fs 3 7 1.5684106752459124 0.5414007317481024
46 fs 4 8 1.6152322695478165 0.5160697976136035
46 fs 5 9 1.5040835324508275 0.6761565725975858
46 fs 11 19 1.5144175462386844 0.4680444728781228
46 fs 12 20 1.4668587973263782 0.4976074601121169
46 fs 13 21 1.47511091993527 0.538612093835262
46 fs 14 22 1.603651215218248 0.46649538437100246
46 fs 15 23 1.6160334279232749 0.4353897326147861
46 fs 16 24 1.5909523830878005 0.5244700889486827
46 fs 25 31 1.2635580943707443 0.3315124918059815
46 fs 26 32 1.5245711693927642 0.4838906581970925
46 fs 27 33 1.5542388360689805 0.5186534637665338
46 fs 28 34 1.5109427139358562 0.4939388316289224
46 fs 29 35 1.57896484905089 0.5081656554152614
46 fs 30 36 1.5287198766338426 0.5026095497404074
47 rz 2 93.88400768684363
47 rz 6 -93.75880733817834
47 rz 3 21.984470911947447
47 rz 7 -21.976626922080293
47 rz 4 20.165868266895195
47 rz 8 -20.180571199606177
47 rz 5 -24.623198261438905
47 rz 9 24.603310455976104
47 rz 11 -101.07286366992768
47 rz 19 101.18536490176369
47 rz 12 -122.89046591830522
47 rz 20 122.62856709676213
47 rz 13 -118.29632499661328
47 rz 21 118.5340437620829
47 rz 14 -46.07416947247916
47 rz 22 45.78817738134135
47 rz 15 -51.89870681941401
47 rz 23 51.902869957690115
47 rz 16 -89.17942635266473
47 rz 24 89.22978095091037
47 rz 25 -24.29021485161308
47 rz 31 23.3715294492644
47 rz 26 -99.4080372121897
47 rz 32 99.39733220598976
47 rz 27 -59.848663861558975
47 rz 33 60.20301007342931
47 rz 28 -92.56727812351627
47 rz 34 92.33287504452423
47 rz 29 -67.12642123691484
47 rz 35 67.26621725486149
47 rz 30 74.23719107268198
47 rz 36 -73.27810482524833
48 hz_1_2 0
48 x_1_2 1
48 hz_1_2 2
48 hz_1_2 3
48 hz_1_2 4
48 hz_1_2 5
48 hz_1_2 6
48 y_1_2 7
48 x_1_2 8
48 y_1_2 9
48 x_1_2 10
48 x_1_2 11
48 x_1_2 12
48 x_1_2 13
48 hz_1_2 14
48 x_1_2 15
48 x_1_2 16
48 y_1_2 17
48 y_1_2 18
48 y_1_2 19
48 hz_1_2 20
48 x_1_2 21
48 x_1_2 22
48 x_1_2 23
48 hz_1_2 24
48 x_1_2 25
48 y_1_2 26
48 y_1_2 27
48 y_1_2 28
48 hz_1_2 29
48 x_1_2 30
48 hz_1_2 31
48 y_1_2 32
48 y_1_2 33
48 y_1_2 34
48 x_1_2 35
48 x_1_2 36
48 y_1_2 37
48 y_1_2 38
48 hz_1_2 39
49 rz 2 -37.34981770457158
49 rz 3 37.04728581506477
49 rz 4 -109.75427349123181
49 rz 5 109.6406154994476
49 rz 6 42.94286719656621
49 rz 7 -43.08545864205533
49 rz 8 -60.63587195721954
49 rz 9 59.25195728163954
49 rz 11 -63.67343584178917
49 rz 12 63.79007974621152
49 rz 13 46.900011547499695
49 rz 14 -46.611588454179106
49 rz 15 -6.904196772364674
49 rz 16 6.8799981438821245
49 rz 19 -38.92669225378619
49 rz 20 38.83163481963512
49 rz 21 -38.017201661451644
49 rz 22 38.397973814793296
49 rz 23 34.359267056814325
49 rz 24 -34.31681559147683
49 rz 26 -9.07739282734855
49 rz 27 9.25345421618568
49 rz 28 -31.727367173668014
49 rz 29 31.957559242476353
49 rz 32 -47.31278197019025
49 rz 33 47.18258392404494
49 rz 34 -57.63729549608121
49 rz 35 57.71525617893297
49 rz 37 -61.646829982674575
49 rz 38 61.93424330530139
50 fs 2 3 1.545844435173598 0.5163254336997252
50 fs 4 5 1.5033136051987404 0.5501439149572028
50 fs 6 7 1.5930079664614663 0.5355369376884288
50 fs 8 9 1.59182423935832 -5.773664463980115
50 fs 11 12 1.5886126292316385 0.4838919055156303
50 fs 13 14 1.5862983338115253 0.5200148508319427
50 fs 15 16 1.5286450573669954 0.5113953905811602
50 fs 19 20 1.565622495548066 0.5127256481964074
50 fs 21 22 1.5289739216684795 0.5055240639761313
50 fs 23 24 1.5384796865621224 0.5293381306162406
50 fs 26 27 1.4727562833004122 0.4552443293379814
50 fs 28 29 1.5346175385256955 0.5131039467233695
50 fs 32 33 1.5169062231051558 0.46319906116805815
50 fs 34 35 1.5705414623224259 0.4791699064049766
50 fs 37 38 1.5516764540193888 0.505545707839895
51 rz 2 40.21566096644426
51 rz 3 -40.51819285595107
51 rz 4 107.55654171130439
51 rz 5 -107.67019970308858
51 rz 6 -41.46296149749007
51 rz 7 41.32037005200095
51 rz 8 62.726157449162066
51 rz 9 -64.11007212474206
51 rz 11 60.12824326431043
51 rz 12 -60.01159935988806
51 rz 13 -48.1424399386893
51 rz 14 48.43086303200989
51 rz 15 8.796170371839102
51 rz 16 -8.82036900032165
51 rz 19 39.67309109221528
51 rz 20 -39.76814852636635
51 rz 21 37.3820490490644
51 rz 22 -37.00127689572275
51 rz 23 -39.97935426805518
51 rz 24 40.021805733392675
51 rz 26 10.8662333501685
51 rz 27 -10.69017196133137
51 rz 28 30.842089346003284
51 rz 29 -30.611897277194945
51 rz 32 47.51050271530672
51 rz 33 -47.64070076145203
51 rz 34 63.33568843773041
51 rz 35 -63.257727754878644
51 rz 37 61.20234600812487
51 rz 38 -60.91493268549805
52 y_1_2 0
52 y_1_2 1
52 x_1_2 2
52 y_1_2 3
52 x_1_2 4
52 x_1_2 5
52 y_1_2 6
52 hz_1_2 7
52 y_1_2 8
52 hz_1_2 9
52 y_1_2 10
52 y_1_2 11
52 y_1_2 12
52 y_1_2 13
52 y_1_2 14
52 hz_1_2 15
52 hz_1_2 16
52 hz_1_2 17
52 x_1_2 18
52 x_1_2 19
52 y_1_2 20
52 y_1_2 21
52 hz_1_2 22
52 hz_1_2 23
52 x_1_2 24
52 y_1_2 25
52 x_1_2 26
52 x_1_2 27
52 hz_1_2 28
52 y_1_2 29
52 y_1_2 30
52 x_1_2 31
52 hz_1_2 32
52 x_1_2 33
52 x_1_2 34
52 hz_1_2 35
52 y_1_2 36
52 x_1_2 37
52 hz_1_2 38
52 x_1_2 39
53 rz 0 -42.60620299124307
53 rz 1 42.75380381843389
53 rz 3 -134.24612536026936
53 rz 4 134.25438273905846
53 rz 7 -133.47523088858233
53 rz 8 133.4139802292418
53 rz 9 84.4911450646442
53 rz 10 -85.41120948355825
53 rz 12 55.38426512147036
53 rz 13 -55.20032643982446
53 rz 14 -115.90186063513623
53 rz 15 116.04379842155048
53 rz 16 70.0552808569035
53 rz 17 -69.97673831196548
53 rz 18 -106.00472630998692
53 rz 19 106.13585166700506
53 rz 20 52.740914598168324
53 rz 21 -52.88640802962693
53 rz 22 -106.72005218132728
53 rz 23 106.84347975569048
53 rz 25 -55.08450334317048
53 rz 26 55.15011115086966
53 rz 27 23.377022842601868
53 rz 28 -23.05309467231085
53 rz 29 40.72626820985929
53 rz 30 -41.627398228167316
53 rz 31 37.765799986995866
53 rz 32 -38.65442095064872
53 rz 33 59.61888171505737
53 rz 34 -59.38327514036824
53 rz 35 -125.34509466831874
53 rz 36 125.60019188404749
53 rz 38 32.37821967110107
53 rz 39 -32.69466211939908
54 fs 0 1 1.5454967174552687 0.5074540278986153
54 fs 3 4 1.5233234922971755 0.6681144400379464
54 fs 7 8 1.5644541080112795 0.5439498075085039
54 fs 9 10 1.5866139110090092 0.5693597810559818
54 fs 12 13 1.2947043217999283 0.4859467238431821
54 fs 14 15 1.541977006124425 0.6073798124875975
54 fs 16 17 1.5573072833358306 0.5415514987622351
54 fs 18 19 1.5345751514593928 0.472462117170605
54 fs 20 21 1.5138652502397498 0.47710618607286504
54 fs 22 23 1.5849169442855044 0.54346233613361
54 fs 25 26 1.4838884067961586 0.5070681071136852
54 fs 27 28 1.5398075246432927 0.5174515645943538
54 fs 29 30 1.4593314109380113 0.5230636172671492
54 fs 31 32 1.4902099797510393 0.4552057582549894
54 fs 33 34 1.5376836849431186 0.46265685930712236
54 fs 35 36 1.555185434982808 0.6056351386305033
54 fs 38 39 1.4749003996237158 0.4353609222411594
55 rz 0 41.38510327122848
55 rz 1 -41.237502444037666
55 rz 3 135.37077521904573
55 rz 4 -135.36251784025663
55 rz 7 133.57781489852246
55 rz 8 -133.639065557863
55 rz 9 -82.56035147239072
55 rz 10 81.64028705347667
55 rz 12 -54.795886363956285
55 rz 13 54.97982504560218
55 rz 14 117.68468854986324
55 rz 15 -117.54275076344899
55 rz 16 -69.47365828152954
55 rz 17 69.55220082646755
55 rz 18 103.48420352135739
55 rz 19 -103.35307816433925
55 rz 20 -54.36945889764503
55 rz 21 54.22396546618641
55 rz 22 107.11734171473461
55 rz 23 -106.9939141403714
55 rz 25 52.24174662518225
55 rz 26 -52.17613881748307
55 rz 27 -25.797686110177455
55 rz 28 26.12161428046847
55 rz 29 -40.81967849296293
55 rz 30 39.918548474654905
55 rz 31 -32.39897329585576
55 rz 32 31.510352332202913
55 rz 33 -59.73056671070207
55 rz 34 59.96617328539119
55 rz 35 128.0875731700008
55 rz 36 -127.83247595427208
55 rz 38 -33.75824531046313
55 rz 39 33.441802862165126
56 x_1_2 0
56 hz_1_2 1
56 y_1_2 2
56 hz_1_2 3
56 y_1_2 4
56 hz_1_2 5
56 hz_1_2 6
56 x_1_2 7
56 hz_1_2 8
56 x_1_2 9
56 x_1_2 10
56 x_1_2 11
56 hz_1_2 12
56 x_1_2 13
56 x_1_2 14
56 x_1_2 15
56 y_1_2 16
56 y_1_2 17
56 hz_1_2 18
56 hz_1_2 19
56 x_1_2 20
56 hz_1_2 21
56 x_1_2 22
56 y_1_2 23
56 hz_1_2 24
56 hz_1_2 25
56 y_1_2 26
56 y_1_2 27
56 y_1_2 28
56 hz_1_2 29
56 x_1_2 30
56 hz_1_2 31
56 y_1_2 32
56 hz_1_2 33
56 hz_1_2 34
56 y_1_2 35
56 hz_1_2 36
56 y_1_2 37
56 x_1_2 38
56 hz_1_2 39
